time, nthreads, ndatablocks, itermax, size
time, nthreads, ndatablocks, itermax, size
0.219492, 4, 10, 1000, 1048576
0.209283, 4, 10, 1000, 1048576
0.210051, 4, 10, 1000, 1048576
0.230822, 4, 10, 1000, 1048576
0.210744, 4, 10, 1000, 1048576
0.209294, 4, 10, 1000, 1048576
0.219496, 4, 10, 1000, 1048576
0.209129, 4, 10, 1000, 1048576
0.209458, 4, 10, 1000, 1048576
0.210643, 4, 10, 1000, 1048576
0.209643, 4, 10, 1000, 1048576
0.21062, 4, 10, 1000, 1048576
0.21068, 4, 10, 1000, 1048576
time, nthreads, ndatablocks, itermax, size
0.210688, 4, 10, 1000, 1048576
0.210555, 4, 10, 1000, 1048576
0.209228, 4, 10, 1000, 1048576
0.2108, 4, 10, 1000, 1048576
0.209383, 4, 10, 1000, 1048576
0.210878, 4, 10, 1000, 1048576
0.20909, 4, 10, 1000, 1048576
0.209637, 4, 10, 1000, 1048576
time, nthreads, ndatablocks, itermax, size
0.000284195, 1, 10, 10, 4
0.000246048, 1, 10, 10, 4
0.000265121, 1, 10, 10, 4
0.000270128, 1, 10, 10, 4
0.000266075, 1, 10, 10, 4
0.000197887, 2, 10, 10, 4
0.000182152, 2, 10, 10, 4
0.00017786, 2, 10, 10, 4
0.000188112, 2, 10, 10, 4
0.000181198, 2, 10, 10, 4
0.000231981, 3, 10, 10, 4
0.000250101, 3, 10, 10, 4
0.000252008, 3, 10, 10, 4
0.000265121, 3, 10, 10, 4
0.000248909, 3, 10, 10, 4
0.000183105, 4, 10, 10, 4
0.000177145, 4, 10, 10, 4
0.000180006, 4, 10, 10, 4
0.000178814, 4, 10, 10, 4
0.000180006, 4, 10, 10, 4
time, nthreads, ndatablocks, itermax, size
time, nthreads, ndatablocks, itermax, size
time, nthreads, ndatablocks, itermax, size
0.000192881, 1, 10, 10, 4
0.000203133, 1, 10, 10, 4
0.000179052, 1, 10, 10, 4
0.000170946, 1, 10, 10, 4
0.000223875, 1, 10, 10, 4
0.000173807, 2, 10, 10, 4
0.000233889, 2, 10, 10, 4
0.000179052, 2, 10, 10, 4
0.000198841, 2, 10, 10, 4
0.000182867, 2, 10, 10, 4
0.000257969, 3, 10, 10, 4
0.000226021, 3, 10, 10, 4
0.000344038, 3, 10, 10, 4
0.000329971, 3, 10, 10, 4
0.000340939, 3, 10, 10, 4
0.000187874, 4, 10, 10, 4
0.00019908, 4, 10, 10, 4
0.000237942, 4, 10, 10, 4
0.000174999, 4, 10, 10, 4
0.000183105, 4, 10, 10, 4
